999921
999986
999557
999320
999988
999988
999986
999038
999988
999988
999986
999928
999988
999988
999988
999986
999988
999928
999988
999988
999988
999921
999988
999928
999988
999928
999921
999988
999988
999986
999928
999986
999988
999038
999921
999928
999986
999320
999986
999557
999986
993833
999988
999988
999557
999988
999988
999986
999988
999968
999986
998654
987471
999988
999986
999986
999921
999986
999986
999986
999986
999988
999988
999928
999988
999988
999921
999986
999928
999986
999988
999988
999988
999986
999988
982120
999986
998654
999986
999988
999988
999988
998654
999986
999038
999921
999988
999986
999988
999320
999988
999986
999988
999986
999986
999928
999988
999968
999986
992277
